$ANSIBLE_VAULT;1.1;AES256
65656461663538626563373230666636643665393435353033303632393962613035643534323936
3138353432353465643938613665343630663738633130640a393237613365613266313766663832
32373866306635313338306564313131653665616164373537326531623833383361353834386633
3835653165336433310a386163343862353665363731303463626633306562303035306330353133
65623539316531353631646434616665333965313533303266316264633536396335333630356233
37636537363036613037313834626662383766366533643661363535353265356630623063356562
33623138353931363262356532646238393632323437306535666461636537663765386638326265
37663764663333386563303662626263343866383231626534633664336633653861333131353133
31393330346334633461393835616239656262373630373338646539353033303666343034393364
35323833636637623961646261313063663338633838363937663139303061313266396130613966
32383335323738306231373664373665366438383835663630623937616661623236323034636264
64373136626139393561376166303866376633313836343238383931666635303536623839376238
64343664303831313539383631626461373039303436356663663233353132356234343139663730
36316265323535336139333263323762636239356563353338383662653064363932613837306665
34643361333766383262393363633866373266346231313435346266373232353530323434303363
33333839353739356131333864643934393735383165346334313839353363386166666533376232
35386532636532613163636132643838366366323837323761616634616266383961613038616262
64613430326532373565613735636361333731633731386562626639613934346665313339363664
66623466643964333666383861316634326238383861646239633430336337373237346230336337
64623532643964623931623665626534346263333661623533333366626232646435376433333365
30383063666131316265383133336139616336363035653433623531636463366532336633333731
39366463306131373561613565303561663230623936646265383837356539353838373461316230
61616664393431336263393732633133363938343361306131623235323531333739373961656138
32393938373339316565386531663362633365656166386436363164363166306162663465626231
36373931303731386330626266633161316234306663313033333835326339643334623635353162
31393535333231616234613265653030636130643232376535353931646436373736346566323065
62616433393463346531383037653366633230326432333936653933323638373635336561613734
32373434643339346462663533653733396234376163313964306466333735623334316535313933
64393566313538303161363863333636396465333231663237626565333536393464626230386637
38366161623966623165363265396563373661386365336466643039613630366362366431343266
65386536336239343062616530323636646136663431333131336132346363303762333036366366
63613063613962383664663930353531393933653432316138323461356265633135626262666666
65633734306366306563643737646231353436623530663335326139343932373730663964613833
31366661373238623365323430313133363437393835313835323037613863356565353565663966
36666438363536343337623132323863363034613536396465636536313365393136353936386465
33643063373066306663663532366333373934373330366638613438356337353462376662393732
39386461633363356661396464363131663736613336643131626538396162636662623132333566
65383061363234346238306265383434363335336132383539356338636331633531393462303133
63663932663762306165623065373430666138323264373730366536643630626339646539653038
62366334326465386634663038303635343961666565636636383866346336323332616132333966
66636136376261656536306130386161653663303039633366313362303132376363626136313933
37643766663062656533656565316663343230376633656537393263646563396131373638636563
33623034333939373235663839656364313036386631613839376464363739653861383566336637
65623036356231306265386238646638336330333130306634373232346265626165386663663839
37373166346161346466353230643036343961306139663363646666373839316239393433303834
66653464313931623235366139623962343232366365323132326434356261323535623439353734
61396531336333386264386161363339313561346239393064653066376131653130356163346330
36386562653737303139343263356363376332366533626263633362313337643338356137633638
34636339353334383034646335656138373630336635346266666564616132343439633135343065
64353430373163616465346136356238373364343363623361343634326434623833346464303762
62376537353438643862383531623536666463333962663737303634363430353739363835653836
34386239656339643465313966366166616634623366373339303665646164333361626362663162
61383538333666303764353531383266393037633663396364383766336438313162636564376333
61363266356164313361313566653938653930303033613531373761306538343731343134663764
64376137373731353930666165313930636463623163626638346434363361333362663932346337
65373766303134646163356436363237626534636563643530333735346664333837373162633363
37663238346230663163653163323634383938306135383830656135303538303562393037613465
63346237386535623261383730303338366235373537663164383039353064326466343035333737
61386239383466383662653433653864306263613433346539613165363966666339386234376534
37396435656664653236363830363139356631636234363661306261343530623761383834393030
33383062613361306237366238653034336338363836336238663339643638373230383762646537
64623062663064353432623265653432656462393639373562313561646564303932343065343162
37613734646435646566666166646532356563316331306431353138383731666539323134613166
33366534353137383430303935623466636635636635313038646666396661336336363535303234
61643139376532306161333030346531396337333333623136303165383165343337643964303433
61323833666537356132303134623234363638343536383734313737376261653536353939343433
33303431383733323166323933666338633838643036313231336230316233613063313930346539
36653163343366323163653363343030383334383733623064623630373833633063353264373139
31623365343561376233336636393032616664663161613864363262643239326164
