$ANSIBLE_VAULT;1.1;AES256
61643931643332383738336231363838383934636463333535336337326530353731376364396237
3264626637323263663639366162386366663661373066610a343531396565666638623434643433
38663765396661663531396633653163313862623565393737306464343838333662633834376437
3435393363613361330a383631626337323631313831343862323136363764623464323161623935
64333861633464633938646665363333326430646564646266633636623337626331613839616238
37633834653565393438653866353634636262386163346462303531656435386665613735306539
37333530623964623130626534346634643334666165336635613866386436643536343363646161
30316139616365643138383336343536376236333139343961313636653866383562356436623530
35386632633832653638376438316666396437666430373036353037366233623133633365373963
32326565353332613432333036613466616336393538303462313265366464383931306432313861
65653761363637633766613631353535343233353237356131303862366537306462333630346231
38303763303331623636616636376262366439383836306663636538386538336438366563383638
32616466393163376161616631663566336465633732636432373466643736336232
