$ANSIBLE_VAULT;1.1;AES256
61616461323331653761353633396332353063393265343262323065316331336337643063633431
6363333431363630396566333931326435313063336533310a643738396531633335646463386433
66333163306432643436306263616236636261616165303037646162323236633934333037336531
3236333162356137360a363034313366343034356134663030383364643337316563623231336131
32346436303431633439323236316164613234356138313839663934636634636265633237356531
31363430376432363330666661326233633336636363373931343835313039373132346564613564
38646463333265326332366336346362626535623138343036333030663062613736303033396262
34306135313637316135326534323735333633376662383338343334636134303539346430326330
30393364636339323135666561313166306566643136393165346233316430353861626130303431
37333163343961366633343532303761383538653366666466316330643230643431623463323835
61373061366662306338326461666535623964313361623234636335316265653264383036333163
30643436666461343138663436353831613662376236376665656262643536343633383664373066
31653137373737373631663237316337303530316135356535366136353839333161373334316434
64336437386234366139383739386237313661666232623334616632636265663264316236373961
62316335313035363664383134653365363165613332313666376437363234343764393262633237
38393730303833616466373231616131613235386162306264393839623636386466366137643435
39643433623161653038383262643466656138326165323866363136343834663134653937316161
39333336323261323462346235623462626230343435353062663239383332356365653762623235
35353565396338656430386333323365303861386362643462616432666362653638386636613364
64326361366335656430623363663065616565366134376662303837303464383634326262343466
30613364383936393663313430623366333931363338613862373765663133623737373236613834
66353262613531623664393731333961633832356536666335353139353965616437626230373638
31666565393964316639656664663431363531316265613331306436313032333462633235643834
64353630663061623665656462393764313664633062333537343837306265386632353631656166
37616463383764353236643339616465656131623535383732303430386264303061373464343133
32316132303930626137633664656238633938396136626161343037613437626461343135313564
33633336643336356436323965653737333038636139376435306536353538613332326364333966
36663664623134333061366636366333633265346364666431303264633935393066373139393931
31646666356330396437656537386663626362363163393431626634613934643334646263313130
36396536303163356635353135386638313035303661383236653465396566343437353664613834
37373034626339313631653635393765633637633963666165623366333130623530353832616139
35333731353966646331366237633936333862656337313535336666326265303766333661353564
34393164626433353764373137613166323935303965393662323566663536383037656266316466
63386334656665616238643936363537323261396133376666356662366138306339356436626364
61323030313364333734623461656137616163616366656132386335613932623430316533633030
31346166643462303431373635353334616439356639613333666334353236313931313864633234
31386134353833343565643633386264616332646365663734353961323962366436636334383533
38626130323466316332363566346537373662623738613236646131323463376537646635346134
38383161633238636337343031613630373934333737653265326561633732316430323863396561
33623764633833376264363932356663373439383861363731623334396261653766303739626339
63356462616361663539666537386132313662396665623334383164643035636331616538373963
61393265373032376262353130396236376361356362353938356661366536343633636462393362
34303837666365323038313737363436653031613339326637376233616264303066653932303734
39313465393862623831623635393261353833396537383463646630316465643235613766333266
66326230646639353830653230303962646565396336363564616266613236373739343133353437
62313434353836393136326364633132353439633936396637303264666139653663643331316334
33623461653430613033383438376364383363343331616466653665663537363738353362393239
30653465613633343431373662616464633661363135366239306130343064336133633162656232
36393535383335303039376331396262643233316133376165643164646261303062663836303238
61366135366133303038643137636134323164616139373262336231386463346432653536396232
63633433303766356438303735346232306163306630393961303065656238366436346261666430
38326661646334363433643931666431656364306633656265326635343537346331326539613635
64326263373330303565396634383264336633353162363032373633303664383766356164666337
37613639306139356163366563326239646534633734306165666432646636636537313035303863
63393165353063616562646131363065336339363236633561393461363030333236366632653361
35343663623832323065383038663862643735326330616164663265326333643731366364653434
30333663623539653438313537326263653962646335303436363764366665326165333935386466
64656337613066363832646338363064666334303665623033633934396266373731363932616636
39646364303361396466313566636336346531376332616230626265323165326134613837623231
32663032343663663736306662363162646534616239303536323939313939386236366262353931
63306434623730316535326533343334653634363561316633653664646537613337343666323239
32623533613762616137343365386234373931333464313261646234376239663264656339653732
65326637333962643737366334393463626330626139646339396539653634616566626137656439
37313734303731303230666138646630386462316434356665366664626262343032656361373762
36333538313061636363653361643661633037663433323531653530323636353534376135316663
33323863663466363062303234613832373233636330363561303837333134333366343139313632
33303132613333343730333366646139653462646635653938316661316336376533313237363532
37653939623335393336613536323763303763363762363066336663373231336437393034316562
35623865313464336130376464326438383634336632393565356266333730366464376231613365
61356434663161666164386439666332656566383333366536316161396336646535626332623261
37326534323263656233616662383365313633646630303265393765396165353462373830323535
39643531323937333934303733383465373666373637376634363131313364643036303237306434
31343366616166396330343339383831636637633230623433393364633064373166333438316339
36636362306562653663313134633839316566653361303361616330303463616366363765653364
66356162313138623264656466316135393432383435376264643431646633643231373630623937
38373536656330383430363466396131363661336433306637313562336335313963353330623531
39373964313335316230363864633930313863363330383136323734633361323431336364353933
62613664616330353937636636366333326664346634336262393739303439613337636461383663
31353364313433613737363539633233306166613634343837643234613138623937636466643433
61653431336166303337646135616635663462376164643761346566643838346434343936643137
37623534366137333262326263663239386635646435363661306663393638353637333133623930
65613435383236303031313432366130643335613435363464383633376437306562326432616564
34646133303766393465646438376639306134383965343834393632623034323831616334353535
62333262663865373566643738646631613465366535643633343263633034396138653731633366
65666366373237376364393637366333323030383030366166333733616639653530616561643734
39373764613537356262346430333265393431656131373137353461306363393334653962643438
38393761386132663533343732613038313835663465623036636562653461383965623330323161
34343566633031376135333333323237306131373036366538666661396565363661643431393031
62326133316165643232303637643830626263613066326563633337343762626338303034343833
64313832343665613036616339356139613465623739663063313934353539643531373336346132
62653531626130363961356130643766366633663334363035346538663933636561626163306638
35633563313736356231373737363661306636333139343063646364346538383734663063656466
62326262376561303331306163363766326337303435333234633965386136663230666461303363
39633761626339653933353962663963383039613836643331316637646139656534653665613061
61616539356136616133623436393538306665643864323561363438313063383539333230663133
33633737653834346166616264316236663265343636633666303732306631333034313934306264
31313937303736656335393762623562333034373333376237623065653639376230663537303134
36323031383237363365353035333334663436346537393234396234313937343436663663376437
65303135623935343632616262363735613261346262333934313731393839636262303538663265
30333934363339316364376563336137383064333332353939383732393734353431663534316535
65333438386166626238353466326637656165313232633966353466323062333635306433623830
38646664666363376332366633653231356165343464316366623035613361613831633364646466
61373738623337663939616134393565656361383135653833643533336165356134643936653233
66313866333364336434336432663935373964303265383366643532393466393965363937326235
61356466653337616333646137303461333266663733326439653063663434656366643731343636
63303938626137373939663632366161323562613764363634653661333365623336383235353432
35653466666262303338376566326333383531383231613262323461353064373835323532656332
38626432333666376634666263386234626339613032376563303935323135313366663564386538
34383632333365313235376135336532383563383833316639613564396632383138326330663333
32396266313537313566646232663163333962313930653366383330633563653463633136356232
62653337353833313130613265373461363537343266346232386336373133316131303934393261
33313261303832316133613438646237393032383434306264643735386538383337336662356563
65353331326439633261633363616432303331613039643330663337663066366566383633356161
33333630393334626131373837326565626161303533613830376334633838616466343932666264
35393831636362626263623766313335373661363933333134383630323161356361646534636538
34306536363063346561626635393736633265373738656135303530656637363262633834613035
61396233623666653734613231373965346262353937326165633137643961663861326236383935
36343532306133313838333736613164303236646366623831333836636639633462323265616633
38313337366162623732393530386339643861373566303666396261353165666466313034623036
33383739323362636331363934343161626431313965303066366136663034303662303862646630
61323038366162643730316561383234663531396565373031323236323261363266653266353230
38336539386537353638353762323136386132643438336533376364383264623437653732393363
32373630653839366366303236333037386432353562626635333863393865663862656237313833
33653164303638323461653266643130643565353663613735663765373133613134666239346339
38633132323865376665336634363261353939373635663666383261366665333139656535383765
66303138386364303966626634373132623732343832643962343163643033613538663766386565
66393739363664396163363766656532363234326339336465363863386232643766366563343430
38393364326433343265653833626630663439306265663335333839663166613438393364376633
63396537643532643362623365306266613363363237633131326237396261653265313233336637
35316431393434666336383736323664343232396332373366393533383862363133386262306365
38323563353636313463323531376238366366393663666635656564656439386532613365636130
64663662323866646633326661316530353430646264626437643431333630393936393733613434
32366330303364383233376137353665643137613566333438303430336430663737306637646536
30343739616662326133313535386136393035353165316333643033306464396565653733663531
323333376161343239643262373463313237
