$ANSIBLE_VAULT;1.1;AES256
34333433303134336139663963353230623036656137643835383561386166346138373063623839
3730663631643437393334323461326633393963656464350a623732316462373061623861666538
39363662376162333039336332383035303836636162643031663365343039363932336430326532
3137663436393861610a306264663063626332623138653935376430616361353466663464393163
35316265383462663665323561373461343039666131656134353665366137616565346539373635
36666364623539316464306662383334356635393437363061333064393965383931393331356437
61356538313533633535616435663934666466653664643739666532316235326134383031613862
62386238316262303433393331333438333531653632613234383164656637633830356361346364
62383165353532343535376665306336633638353661346638383532623265366630643334366332
39376439386236303030643165633239623665336636623034306539333066613166383337366665
62663563336336653761353530616230636233353936306139613933316464393537616166613338
38346466383335663465343436383638626536646530623166626630383534646439343531396430
33346365343130343130623935643562336638393930333338656361316533646466313365353933
61653532396363643937343736313739653331643139306665356331326133383264383035336439
65383436306365666339343831333330323536396138326164613137623937633064313265363438
63393262343032646663346464616133303663663865616435353632316235653362366232653533
64353136663062623034643932316239366439633263643965386263323536373633336663623332
39313630393838363234623234343163343366363332306632353330633061393831366163356164
33356435633462616137363530653262616166656464633134306133386234393966656636383861
30623734623734313239636630323538623164383331303335333939313430623234633663623763
37613431613561626634626361616265366138306535373530633265656433626236613663393936
35376262353834383331326365383332316433653661316135366365656434616238333635633631
30663665636365636466386534663735303332303038366538336139333161633234326662363835
61373634623561313033326130613962666132343762623362313862643165376535646337623566
33313439313139336138356436333538353137646565333936653862653762393434643839306333
39613136353536346335653566363938613264343265643036343934633433306666323039666561
63633464376132333062396336643636333065366138613134643731613063393866616265383731
34666165333164643665623432303437336132613631353134636436356565666136616235386363
30303831373465366134333739306637363730383965326237366631396461383163313738343231
65356266376562396162656264613837383132613566646336656432633566663431333131303866
33366131313136613533313366356264666462333362613732643836613763306337616565303063
63326332373266313831663032366531386638343930393237356332316331356436333166643731
30383766663362396165633434353435393266633733353732616636653138326437373332663038
63363638663661313062666165386535626633376136653031373334336236393738326232306433
39393765303464623333353834366336383366373839353565333435313364656139663930393133
39653434343264303733316437663135643434646239643664646234323231666530333933643833
63356433366231353733316637343163336362396564386334633966636134393362326535653138
34316132656461313762336166333733303330343033313431613766333363633263306430383338
33346165393865383763666238383464623862653437353265396364323635363438383861623134
64313437396230343037383864303034613765373933303235633034373639653366633738336330
66396238393261346363663565633562386536623737363433326365643938326139643166623937
35633837313838653933663730616631656633633131646133363664366664376363363835356234
66633062383035303830373534373462343164643337383535643064303362616332383132656137
61316437663730623331616331636366316631643031353637346231633965613237353865323330
35656332666333303431396135653137373664376334373866633861333362303633363137613431
33346264366237316162353237313961323766613731383233383037376536613961663231616537
38613965326239356237633261323838383061653461313663356431633164303061323932376630
39336462316438323034306465303030336230393034616662663463616539653836313836336535
31363465313637313238343337373339333066316163393861663565393735353262343638336238
66653437613532366163353230393936396163623332616238316163316238363036356234656666
64636639666131666438393337333835333931393139336135636563366263353265643532633238
37656431366631356364633363333132323538666536616666613734323661363335636664373535
62666563663839666161386261356538653362613832346631616535623763346534626433346236
37346163393637393762376262323163313163316135366630366333323538633464336262643233
36333736313135663934636334343231323830363432653834643366643937636639643533636436
36313963336633666630396364333337313665353133333736623436623532363036343061323364
31663862643966343034386264636462623538663565376537633436646266643134346337616264
37643935303264343262643634666338383366383737306665336138346532633538316639373534
64396134633938633134643932643439373236353564633863616261653133353431353637616365
31373361313364363234653363343263393536633761306136393431613731643339396336316534
31383738313162656364326232366265393239326363313464316532333966306533326265646539
38373838653534656361653539313464643462353933343138306638656337353363356335343638
37616234376463613736666366363464333131333534623164303265646563353966383632666134
31393530343661323734393861336237633838363063376237346433313932383138373264396264
39363064633733313866386538613838316664346439363233643631613061366462643731613764
34396134373831663364356661353761343236623563653137373932366336323832363338376464
63386536323038313762393832353733343265316563656233383131633132653037363834363466
65613361376538653739363134333462646334386365663162626162383561323332343863326134
30623637303136626633333164393236353637323932323065313931333036303064653134643361
30616639316636373333373431663362653362643664636239396133303032393037346232346264
38646366346139343038633266663233303536386565613061383036626137303038623262383239
34653237333564626532373036383862333765656531356366613434333436656539626465346162
62633363343739386233623830643465313365646364623235393339313961383564363331633264
64376562386239313566366539353062373063353963643530356237353162653634346162363339
35393664616437366562373931666661343863633235623163373733386164333766636365373134
32613830376235373236396135333334656434373065393430623762376432626333616231613435
39313735633162616366376531666665656139616435656539663262343631386262303864613662
37363561333437666436316161303263316566656237326636343735616631626636383530306131
65396231333062663636623135366331343330616566633230613036356561343537343237313663
37643065353437356438306266333663636264396439326166396331333933323232366265656535
63666634303830303463386664666630643432613735636264653564346236626133383762383866
65656234626563346239316166643030343034613833613165616330373332366432353732343037
39663539396233643962396233313330366362353566633066343865613636666631396631633364
66373430373233393337393436356532326336393264373238373764666266346463346438366430
30373034346430343434306436646363376564303232313030356330326630633162376437326566
64616230303936633032353530663532313235306161363966626238636539373132333036333935
38653734333632613330636536393731653638313638643965386436623562303162323637383638
32323038363634643664373338636161303030376231396265383630326131616433356461643563
64613266373038633339626632643038666664353938313863343839353536373762623236313933
61373831623633626436333339663834383165353138383735343531393563393035636138636665
63633661626232353130313561376236666535386335333735636632393831663239316530383932
36643034383064653365626466646365613561396462663734326364353666343765373865356265
38373330653030653366663131343230373936306532623037613332643638363935383633343061
39333235623731353832333431366136306462663130653733666661336366386437336431383464
38333632346164653663636434623563303338363033653835346439383738626262306535626565
66313934326232636162333830316438363735623934386365316561383934326462303634366237
66653830666430613236626232356664653231343036626332383238333366333135653833396432
35633766633463623134663066626337626130313434313764353762313132323537373439666635
61643534636237303239376537616632393864623861633534623538636237656137303962316561
32346533636438303135306531643034666666333031323930626138316634653961666565386362
32383765356266366565393364346136616530363132616363643737336134643963343565346365
34373439643362393363663933326237626631313261393634303134616330643133306238656633
65386432633134313732356638613763376662333939323130333465306636616334313735643666
30326565663533666430343261383962633131663864663563303138646363373534343465333261
63636230396263323038306231613937366535386338643832393835303162323065396632363036
66333162373939333866336566626664316438623832333638306166643133663163633730333765
64626130303837643732323161373533393465383837386664343038343666666330366633343530
61656133303836633436333161393135326662356435313539383861646665616661363261373931
38646533303730643437613564303763376163346431373830346635633765383765303235366634
35633535373166666638353062636333653830353364653635383835356531346237613135343334
35373837303239653761306232306666396265333832623839643138316631653731353039353632
66363263653038303533393966313232383632633634656533636362623566636632616164636137
32326165346334343934613631353462373533356565353832616266643565656262313231386330
64313463376264386161396566326136363137353836383463373031643431646263623538326335
33626564383336386531353935363236336464356463653364623965386537366230356437363038
61326631636537626632643561623266303130613561623030373135666530323932343331633133
31656366393638373338396537343231363866356134376332313035663663303838613437626662
61393133613733396365643939316664616339613932343562336465663634326262656239363666
65643637656461383536316335316462626565383764313564643235336432353136623734323935
36396134626337653130643938663937306633626339303632353161393037306663393630306263
36313065366464663063353236396636383039613334663638643136633463366462643531393662
38323262363331616632336134363630646563663333353239383463613739313135393336656265
37326235313530346366643266353865313032346336656137663634636461333766316132303537
30653438633566376632613538613565393962383634386437383861383635373437326564636335
65383231313464643163343235656636326464646434323836643531326234323766343862326333
61313564333837306665383162363234393764636435633135363332306233303163353136643864
38393261626165663635336138363565346162356661326134336536326339316236383261633039
65633761323132633762316633323736346536633531363235346134336132613764643935383962
63373364326137613134653364383135623731653532653538376636636164323061323237616164
64306666376138636164333537333862656463616365303932383562656634643066663466303331
30343039626233333766343537623238313039383466643462316338613930373135303832316533
38636466353865393734303964626135636236396662633663613666393364326337666563396533
66646230616437353831373335306363363432333363626333643732393333613439653238653932
6630663738333463326261363038653061393137653335346232
