$ANSIBLE_VAULT;1.1;AES256
37373366633432333737333962306634306433623731333236663036626135373064613066666536
3139373238336631653838396435366666313365633838620a306139636264326632306537336537
36303336346230353565363534306136376232393434646437613934323665303135663963356336
3462303465336237610a636636653863366261623131616565366430333738616564653937373365
34663739306363383066643665623634366465313464646565623333623562653435393430366365
33666266343462653636643364313563383764366163646533623766383661636634646261633534
39366364363365313335336165626439653533653630326562613432376230393366646639666131
31646539323465643537343932373434666563376364623666616662363330356466333732616334
35306365656361613937353239366164636634346233396262306561333937386633613431366638
66636233356466613236326530346639623434316262306230623736616339343930313938373232
61653031343135613837643034666438623533626261303438626532633135616566313066653762
32636536393235666135613134333638343739383232303539663464383537376362313036363331
61303737393032346262333339356364646335353166623134313361316234303932653633346136
33323934346337356335323365353239663931663631643764313166656437626233363839396165
35633433623737376536306431343532346635623464656230643364653564393233663561313763
36613364333733343536613965383832643962616334643631346639363733623562393335643262
32373462363464353663353232646165333632383831646362333035646230613734663336303463
65356162653431333731633338613865326339326134333964313430646530376434643864336636
33663531376564336134353663363535303231383536386331303664303339616130363830653930
61613531663662346339353132643031326133353030306531303835633462646438623832306261
66623832643435303632633538653236373738326537663430313931613361336463366261373830
34646534393034303031336162353334316663306364353837643561663434633634353862346164
62393939343335646566383866316336346537616561396438623939616161646438393737623764
65323565646633313731656231313761353863373566616234373266643335633434366337353262
38376432333065646161633862303165323238616261303065323864353366316364363437313632
31343736623964313366363132613837313566383236316639336633656562363732656161343162
65343835383430653561643536633664653638363365306164636361303665356536613732303735
35333931303637306436333437643837386264363961613838353633643238656137306164666330
32313237653236313561653734353135346336646166316566646663316663396363383461383439
36383139656462613435636532663330353439646131663262393135303239626437386139613565
35373436333862353263613563383937643633386633336135663637333562343739633063396262
35663566666637616136386335623233323534336664336561616338353530306132353232333066
30333061646631663232653063376539636361313934623435306365393761616230643135626231
63343666633462396631643031666563646137666261373632313037623638646539613539653038
62626438666561626538633137343539663363633032353561616633326562663439626464333931
30393564356662656436333238386532393935636135373036623237366437306262303032633730
63313630656133643836343461623634373631333038343130333830313565363365323837613132
61643130663063323038316665646330633038353032623632353234656262303364343937646137
36393638366664356538383066336335633930366530373236313632636631353164313364653738
38343161393438396439303365656334396664663731643932393463626238653134336134653365
65356338316639363439343865343261633161363335353561616130373062363963373734376561
35343835623565663434376435656333316562653132616561633361643962333966303035643933
31656137393965386132663566313761376161376634363234303337313737383334313536373733
32653963613839343934633835666236303162636234316532633164303037616266373831323863
65393131653734353738333366343836633332396562643466373062643461613466653664323362
32623566616237633066646263653537386138383536313862313564333338623735326463623033
32333564326433666438643530616631323330303262653932643732303963343831633035323063
66373439316633303638636264306166376534303264353535356236643066343830373264353666
63373665303735333661373930656465333833663062613336303434613730383637313435303130
64643965623236643933313536363962363532636536333230336130333334346333383730613333
30613566623862663564323438656630656533376235353732366231333036613434306531333933
66323239646337643963613063363663653530656361636339316264636364373936323666343137
61306661356237376166393462616639333562613661653130376466636133666561353132653934
64653332333930636661613266386566366331333962346661643131363034613437643131366466
61383931656433316166346438376565656134376262356232326139633439366538323835336662
66643765383936336331613536646664653463386566353336663361646335333438623436653336
32313863323835393062303435306232396639396163363166393036373533373063326330336535
38363561613537633533383439363666323937323338383163326235373834333366316261663161
63663637303839383961653933326165613865636162303834633264383435666236613936303163
39663436313738306434323136643437313963373461376139643364326361666637656139393332
61653931616264343930626630323738306638636136633334623435333162626132653334656561
31343337306632633836306163383534393533623661303762616265646130663130613265633338
39633136643262646463633736333433383832643936663863616461376634343161313631653332
63323161333836333931633365393732623631356138343137303732316663343334316139393261
35353937616561643363343030356161336665643465356434643331316538336564633161313461
39346362656232326566633634326563653836326664363466666462373037613937353066303263
35356464353438323531626438613062326237613831343735336363346266373866623636383535
39633731383765313034323430613632663536306138313735333735323830646334656336343333
39313862363439386532623532393035633531333638303066636664616462623266353438306134
61616161363831383139396363356230636637336339346639666232656634333864633937353263
63393265633130343336326365353866396165396365353932336366363938333964663565376563
64636237383630643036386361653965643830633436646664373332343936623762303365643165
33636231316566343531316164313334633036303966636534303566343261666133643638643738
63393336656563353038343865643832333262666161393761656661326232633138653433323837
31356438646136656263353337313161613439646663383231353666653362643932323332343239
36666332373463646434623938623333366135333736626464396139663166663561336363376362
30313035323039383166356364623963623762376330653636386238383862326138663334343434
35313138356264663131663239383063653435313835313831636434376662383339386461353434
63313031383162623861313731383732313463306430376234383731653831363438353330633639
32616331623037323033636632383530303236373764336635663936663837336434643038303731
37633436373833633965376266363866306137316162393338626335646665356231303433393831
36623865636534313961316337613237393233383438363239376564356562393836363332303735
32343331353836633634366431373062306439656236613763323565383938313034383164393566
62366237663236306262363861613965643439393639363765383038343061343733613366323662
39393330656133666466333830383330633761326361666261383261613934356534346536326466
34383262303634373365626135303866336236623138326462666439393631646563373266366466
35396335633630333435646134306635376333636161653938326231303336383562643236623635
35303764633934623563656464356530616562396463393539386534346662323036356333653636
33386334393239323937366533663862336236386439653463643131356438356365356136363133
32313232353835633161666632353536326562346261373764376235643564393966333331623862
31643530343130666439326263386362373662656435333639626632636539313139633233366365
38396461306364643966613039386633663763353836353062633465393039646532626362386131
62356436666430623062626237636531653530313938336234663033303837623137653638626632
32613930636439633037643737653765636531343636643639316631653766313263616237323633
32316662323963386564346330303464623838366362303662653734356561343334666334633961
64383539376362306165643338316431613136663539323735336361393732633961323539313365
63333564663834306361643165303439333539323265616362663437323733326466623038613437
33326163323336663032386531383533663363643830633264353136616435303863653265393038
35376436303931666437343563306136393330663965363134626634666365366139363063316530
35666135646365656539316639353065303231633531383235653333323836613363663938386234
30333131363962343765323562616631383963326666353633633462393434323064656139353239
34333864653830376238343338643361663362626333333339666134653131326664376136363334
37386436373063333564626561653639313631346639643465356537313064643935663462653531
61633264386537326639656134656163333431373033396631333630666532663235336162376565
62663135316330373639303063383136623537386665636433336238323764323234386138316364
34393538303466326636386638623564393665323762306366313631626466633030306131306363
34313631303636306135623463663037626663396630616465356438643433343338333931396637
64626266613339356439363338636332306437623034343164313434663762313763663339336438
30383030623830613337336630376436326534323666303836373966666263306463353963343430
36353438373665353739396534336364633535306665616362343338366332336264613735373165
61613034313735656365396533386637633834386666313865383563376562626364316664623961
61303633393132656435386236393433373234373662396364336132313338616466306464363531
61366134636364306531653733363933313330373836333630323637376131646232643736313836
63346565643562326431383364316534646433626134373061393064316234396335613961653932
39303361636564333930366262653237373165366131633638376238646161663763656566613731
36613831626366663636323661383864333161613830623636363631636365336337366230633031
66373266373263653931343332613536396632313536356530333362393336633039626438306436
61363332343534336462633636623937656632313033323763626238383563666637333639343836
38653564396330656565656466353531353162356136373739376661336433653836653733396332
32343333366130353536633032633432306630386665626463613735336265646264623730633064
36393133383632656630383664666434326633316363383737303537373763366434613864663938
64636663373334633461393264306330633162383635666664343337313036313439616136306464
65653837636366336264313930613761633731373838636332323866326533383964346337653266
63643136656537653231613064383730306463653062616137343765326561313135356231653166
39633836336564633563323630613136353933376364393236363539643832376631383238343935
64333231323739306165646465323936346235376631373363323065306431386637623062626261
35396363373064336165306338633166353231393864303566383565303335386239633236663036
61303865363161333034353939643239393266663433316134613862613065643661613935383239
34653537653965323931646337353064373534626463333132363430383635326639643534613034
37663638396661613662313466653834393834396166333334386264386364303163316633323931
64303266353138303162386633653463313461303835633365333965633161616430376561353733
61353338663365363962376364313831616139656434336633343161313965363430323437356133
32366166653233353664623463363862366263303665353362313231636436353561336437636636
65346166626561353037386238653261623561633531336235303262346331386134303161353466
396262313130346364396434663131623831
