$ANSIBLE_VAULT;1.1;AES256
33393066323135306461343166343736663533363734313634666231356662643835373166653330
3838393262326161366434306430306366393137313334320a666161646666356166373930323038
65306261626334633636636364383039376464626534386630653066323264626164633234373136
3163313434353239310a356431383535373539353234393733353464356634343238356432376433
35623162393861616266313431663436613866366531656661626230316362613638383739313832
38616561316534623766383364393735393566336364656231336539626461663161346634376133
31306336386637616263396565336237333762646565376336336466386437356266613961623831
30353964653261333130303835363138343832653562343166666361343430383533666638616438
65663762633463626561323161636132333661666635383537373634643930393839656566313831
37316332316134386637376330656463316336633063363365393330643661393130643762386236
30396662316663646466663035306331643034663261313937386465366433373731316362613565
64393666316466646237616139306563363435613330366561316661323062393730353265653531
62386538313033323136313264356237633366393566616530663936646263336262393931323435
36663235373566346138363035623633376663656339626235346164353765633231363434636637
37386334613239353061333364656333356665363864346264356265306539383837313134623338
31303832666364343131366537336233663238613430393966616561613264653336613034356533
64396532383534613437653236346433336336633035666139306638346431646230663165353335
66313632343063303031663964396364333264353837623664303965333066353132323831666539
35396334386662313936386138323634626132306432313136313161613934343662303930353938
66643666373738373066383839616132303039653666333333613836623863373663616637633030
30386463383664656364313163333638643963653034303966653961333365613433393661303365
33326535366533343133613865363862383532343661666434373362663961616663323739663564
37343663303030313538343430383238666133613264326134633461313537366664306465393266
39633561636334353233346235396262333732353963333361353565623161636531353035313334
35313538316461623336653863653439643339323133666564633366663464363430376665663732
35636465336163633030333666313436313265303034346536646136303964613636646237336534
35626264376435646432353632636636363261626633633036616339383736363130323262613362
32313338336632393363653066363131396434343866343265613431303632656337636134313334
30323361323335336531663063653737346562636236346435636466303439633265613366373534
34623330653064323135653632623764366264643132613034366163613433386534363838613639
38303263366264336339343961666433633933643738393938313063633730626664653835336163
37313566626566303266316231306161613063396434393833326235313235383931613363613263
64363539363834386436613637373861616662373634636334383331303065336139616634383330
65303430633234353365636561383237326139343237666139653436663830626132646230373538
30323332373066386437623565336435633135333530353033346364356463653733613163313163
37626539613662636437316336663761313561353033316561356363623535343362356239323162
31633530363932373330636133613665616561633865633765383766653138656265333063396634
38636330373661303563343930333164356564623466373137306261366261643264353337663032
32373637356263656237366231343137336535323237663361656239633138383762373262366132
63323861613635383962653866636536626436653436313434333062643538383331376561383561
39356461633530363666353333326166636434653833346130323239653262616333653435376464
35623965636634303063646462633733653765323832323036333363666531393930623563363866
37323163303732373165306361333032643663363963353233336662333333626430663736336532
39646334353737656464666333616331663163613930313532656638336566326336326431366135
61353862373837616565386131626362623233393331666338333731383762366638623164653736
33393234643736616631666433626464323165653839343666363436633934303233613038343435
66373735616361623531366265353263666133653064363631303664303137613030396231626262
62333535663431386264313037393638353732323638306138323839353538383230336539653536
39326636616136383566356432666231323331353133333462636666383030333934333533316534
36666137653032346235636539353834663935363838386330633935353938646338663562663538
37333438363739323636393166653533393538633936356331656633303634356338393130633065
33636532393536383239336262326135316233383430386335613061316439333565303637623938
34393063363036616239653732396430333238333037366366653933653539316464313139383534
64663433386137353062366235623063356136363233346565303764626638336237386330393439
39663339383735653038616337373463666630316166616333343432353334616131616635386236
36363764616664613635326261626235393138313063356536383032373966313938393166383133
63663038393535663535323236633266643564396161653166333039623937393662633433393863
36343531653765656465313238636439303065383666373739626366323062323732323831356438
63346264343035333765306563646236346335373833353965323831626137643435343465623337
66616664323863653261363932643837393263373164633436653366383330663937353931643136
63333665656365646539653137613834353564336132356132366534356461333030363837383038
35633536386362613663336162366361373037303438646238666330323930396337303935346537
39383339396262346361633661336333383136656235383632373436613766626538303862356637
36393637623332613832323331363031326530303664653665363436376331396464323236316633
35643064326638313863363237613734346630383830333465333132633264386232623331663230
33666635386431396136646637623762343964313433386336316234656230303634316461323566
63363937666335353335343264353030636539393665666362656162336339633463343733363331
35353565646437303762343734323630653834343762363530386563613064616362393261323733
66626636633739376666333738656465666331333437356637323663316566616238383936346333
33366364393465656636366166633362303939363739383563376432346138303963353066646166
32363336663630333834353866306131353761653331643666376665373231363537613464653233
61366563363033643136306264363135303332313961353366643131616437306136353361653365
65613638386466396363373765626238303130613366656230373964653434396163353464653438
64616133323930633437653330396133363565393666636662623531326462306130393361363365
65306161383134373864623331633264326236656536613433613033633063626531613466323165
30656534366564363436636633653362333461643863386435326633613733333662643663373365
35303233366633386262363966653634373938366563396131363134623037613232373634646237
34643036363735323261386433316261326638373235343561613031393664363238356632666461
38306366343631653733366636336133366331376361623833376232373037623031376238653933
63656334396634623333333831316632643762306535623961363036666164326264656131643866
61353536376536373537653566396662303132373938626664323865386663373438396136306136
37323065363361316462363431303662633531373437633837393635336335373962656432336363
39656432326533336437333530303431636638396635393832363431383064613232303633636433
31626465383062343761353161353764366264373062303566373434383430643535663066363238
66353531643662336334613036396166656633353965616162633036643863343563363935326631
66386164333962613338653931666335363930383962323134373865653066653963356636356430
32303833626665353836303833643837373830666365626331323936373333656337386634313838
62666438356365343936303435346231386666353866643062343365366239386535663934363635
37316461653630323963346166353630623337636336373539303664636536383738643933663065
62666231356335376238616563393434356338373933313164636439323266343132366161633537
39303135363233363931656263353066353864393231663531666435613337386534656231616562
63363134393139306563363338623236303634346164376631646230663661376535663239363061
31663462333638393861663139303566616666376633316462613434633032363532323131613737
61303739306161633330343332663062343735333830653736363839323031663435316337636365
33626636383663663439373734333666613335636631356662663362626131373337356330343734
63626334616265326265663733316564646639346336313032343063353833356132613162613332
34316439346630346438626232613835326334636263653761333639346139663335633561616466
61663834303063303863366433363961646637353061356630343366333837323434613066306639
34366136643039353964316230363261393763353838336262393336386132626366376439343562
61636539656338613235656134363034326263666131316335323437326535393966366332356530
38376639323037336362663765623563343666343336363766383863356365323662656136636165
39373763656235313766386230626431376663333438623266643165396161313738356235306630
34303535613462633037336138313763616337356136653665663165313239366163353464313566
61383162376335326437396162636538353961653938623032643937666238356130663031623837
64616234633033623932356438633062353833643232623062386562306238653439353633386663
66306162333534353665363333663439623238633565613935316438353636356537383936343465
63393832303030316131663530303136366330636332373561633930373337313663356337303135
31313933393362616334383762626637613232393536386430373138323434343338386138303965
64643636303332623238643539373861373565663462623434356130323432353531333136383963
61373635666536626166323164656439636238643334653738396130386536383263653336313638
65623765643561353362386139663064616566646635656664653230353831353033623531303763
31646362373762323332343565626164343964653961366637653339353032656534396663643231
33653038326630346437383730653737363165323934623531616633356364663430656366306265
63616464653237316334313265616236316166373930333163373064626439373062393530343436
61336133643764323263316537336635623739656539306139393233643261666436636230396536
66663235343464316337323134303730373134306537313863613931646134373863313062323361
34363534613332373132343761303064633936633664653062653836383166636230316362316237
63333739636339366131306636313265323537376261646464666133386233393432636630306463
63343430356132323264633563666563323834636161643938343564623765323634656137366266
33643631373061616437643339356433663739613664396666363962313866383366333461646533
61623935373033346538643834643864366561316539643232643661666363636331303933383435
61346439613831363538343462643739316464343937613363323465646333306666666134366539
61643932323164366331643530633838336336663335393530393066326433376134393530393666
39353366306466623266346537363163326461363734363532636666623233643363353532656662
61633734616166666664626630323232383739613438633135383231363862343639636366613130
38633861396132346439313230383930343139336338363364343661656463343630353061646634
63663562303731363036666535623938623734333839663331383966316533353731303265316431
37626339393964613233613664323464623536613664623335623738613935326634346534366563
30656430366663653466373833366536313065616630633934363136366630623333616263663230
37343338356532356164633533623964636261326536393966653735656436623636386531393539
64646564653332643563336639306366616333306134323963346335343462333338623234613932
38646336343462346361623561663065343833356430356564346561663238396662643637366461
66653230373034373938353035316437613963386433356334366630653432373864653262303734
64663933373932333764386432316161353065666532653863626162666337353133313562383834
63356635623266653339636534373763376435373862616361346537326262373537356334356666
38666464396263396263
