$ANSIBLE_VAULT;1.1;AES256
32373131333035633262323539643763306361346334353465353738323337636431643139326134
6466333035366234376532336366346538306533386634380a653363313832633530346539336637
31376637396535343062623635396235643635393862653833333463363832303166356139656362
3432626163636538610a636661663236653966383662343436613939353861396133316636353363
34383864666332393135353564653931646337303233323265333661363031373737313937353866
64626531633635313734656532636364303231396435306236633736623166626537643866663535
30383466386232646238643934653835393333623830333338326136343630366166306464343938
39356536356337336337373763353230643639666464316639356663306466643865633562326461
31333465343537663832303537653963393533313531633764626531636565623237363737643261
38313330636330643737363335313934613037353062653965663133393032303864333065333363
38363737343834646631306565393361333236663630336530646566623837343037333135663530
38303262303865333537343233663036303830636634366162396530303062303765353962626538
33356462313232303463653131363562343333333533616332613262613333396163373731626565
34383234333838636435333866313935643136646162303435646636383861383966636662326165
34326139613537346134633965326362613137623533343936346265636464333231346361353332
31316435343265616331366461353139346630316637613964353838346135316430633361356338
33386566383961633432323235303065623830396234326462666162343539303232633939633738
36373032383930323563376137333439346432303665333138386139326333623732303138346164
37383366326538646166336239303231616664376438396437343136343865376539386663323966
33323165613431363635386231623437376266666332363530323932643566663934316137326564
30663735383962346335633039643230346139393739356565393937346665653365613435373462
64313634363862663361323232656561376138343432666538646437646538363665383534643838
36313938373062663563326136326339376339316462383037643363353632396366333263626533
33343965616164646165346437623265623931363934343864623335323034316630666661333663
32303337316265323861626266396261313566313930393637323134326266643839373830626336
63653661613639653731633365366561316536353538383830323137623964623738303630343639
33626637393036363261373434303761313030346337346237386466363363326536346265623334
35346665653334616235306338616436613631373633353764616532353530393238303464366431
30633432366331343135383964613033646236343133313363323335373231393032633163346335
61303231343233616463373964306362343166313830333939633039383862616463373530323063
35383064393233303262336162373665376638316466613737333462373166303635616163353534
62303463663331393638313832346165356263396166306531343138373136353961386637323630
63373731343337656436383833626533303362633265336166313635633534316634386235306334
36363638666463353333393262323739303838653662363335646435656437646363313466303933
30386162306139316463393631643164303064363436323633323665303931353463663865653431
64373966313931323930323531613133366330643135643361336562626139643966336437383230
65333866343165313930646661613265323665396431346263663961396637636534653432396266
33326136663532333763656434343564353062363338383330356630393937643037306639313630
36613365303335303336386131323039623733326131373362383563626439373662326161643462
61393136666362393962393838653331343866333231616663613734313038373537613663383536
63343461323265376436396138643536656366376636663138336565613032643166633735653236
32613530616138626336306432623238393836373663646638316538623235393538623939626166
63616234323863386134353839383165636136383837326230383966323564643066616430396165
61366236393361323538356235613264313363326566306634303062326135316432356661396531
62393237646266316164653966313565363432666238666462383732323230333636306234643039
36373665323032643162323331656134366562336339363864383433343065376330333235303864
63383138326365306131653534636366353232613238616134326237343531646465373737343063
65663731633932656563646664346639346431643232343436303338653535636233353534336264
37343735326664336435396630353165366166643634366330353365643231316433346534366438
33623762633436376163303335666530646438653132623036623263326132373331666136393562
38356165663561383230356231386163613534353261333363323838353136663831383836373736
30666261343837626461363233333633313235346461623466336666316633656239643361306331
38663133313638356362623561663635376237306333306134633064396631653235343738383435
31323730393831343861323134386139363866333766333137646630333937633362313330643730
36333635646331323061646265306239316431336333323130643938383230313738643435313339
31373334313736613465353663396333373666666266636462383363323939316231623638373637
62623563623535373938373235393165656637313836363133666364613663636131646430623835
35666539666266623933396638356239346466333463636465316135323033626236663763376637
30383865363264613331313639313532623435663237356361396434663130633838356138393532
34623037616563303462653639653134626362323230326638366234363431386165303039383566
36376363663132653831356231383030326161303963336334656138643561333964353661653666
61383839353861336138653037366432663532616231636466343539646238353039393934623237
65666534386631636361303137643833303763326339386534366430303938613665613864396233
61656264363065373761323465623762306561373466626663313435376338373164623130306430
61393435663464396366626636376238353934356537663161303438323031643536353566386639
38363666663835653864376236613161396634633436353132323035323464373233613863313435
62353763376637346463626266623039373562633661363437653739636639666435636536373836
36376533626664613038616163303630393163666639313264346264343535386665326337303061
35653635303466616336393165373062666536326365666638613666656231393831626531363937
37613364626337303133383063303939343739333865316633633363366530316235353832393139
30343534316538353434613130623361363164383435656439396437363835376131663062333736
35613337393936373530336264356534623436636337613737623465666339666435353566303364
66616338663234363436326665333036383433366463646365646664613266356463343136356464
37353831386166363433333362393166386633373430643361626638303539383434653464303933
66633039633538633239383461666637353433663537313430393164666434396663626635356531
39613265336364303963393236356166393661383961323432383763303463356136383264346332
61386464663632656333336130636235643334393562353165663031353839316234386433336533
31616663333963613964356636333034663330386363333966306438613237666635616566333164
63653934336662376461623331653339613838663863366435313039663535353166633663633464
36623166653663306562613335386636663064653735336365323433386663393131376564376165
66303939623132613762336665643966613730393331373538633632623935633539613535666233
31616561633333613633366266373035326262383233323734633830393966393630633639343438
62633237633761653561383064613763386435663732643937656535306165333439336565303333
65316532386363646564313737643839346461383932626162636535303434643134663033306366
35316136326634383939393031306464636631336230346138333363653937373964356262623536
63373966613832323165396237663734336665653434366332646534613334366230393065613934
63613463383033613432346439656333383932326631316433643437376463363830616462326139
64323963313263343562356162646365623839646162663062363963393935313766313962306230
38363532633862643435663134623935646434353930306636633233353064323264643561323761
34323566623433376162656536643439376530323239323835373635643832326565333832353135
38643663363262653963306132366465346338303734303363656465343530393662346166313435
37666264343361366364393962393463326432346339336466373238343366326539306238303166
63613731643432366539336462353839626639626232626661313533313663663230333364653531
37623630343563376537656566656332623232326430356437396631353633393030663134613737
34653835613561666135343834613865666639396166663633656565366461353335383038313638
66633164656439396161656531666463633838613762313134643930336639313933636462353363
65656636323036353932393565376362363963613062616232656566636630303733663136376436
61396666616235616439336362366339313534633136613138646332366466333337623035343835
32666362616464633763653431666661363434313663613532383135386561633130643130633362
63616431666237383335633837353232633630623539653332366433643536376231653564366465
31626430363132313963363431316535316433343838373565333436323264393566343438636335
31666235616561356638303538306564633638373834376564333862623763376335323264343134
36343639363535653133343233346231353734383234623735633761666563663336633731363235
33336438393133373631373330393661363864316364363139643066323133363139363938623966
39353138666436393135366138336239633435333030666230353732376638386134366164343336
37303738316530316432353139646666393135663765363138363039353633333966386434636631
63646433363466623562316137323863316266383730383065353538393533666465366266353935
62323032643964646364626536326464393835373664623733303037383964313735653835653239
35323533643032646431333836333163653365343965363164306239393134663065643932336330
33353334373933663230303933386635303437353836623866656236393933306535383737653333
30306639393165646633383439343039353031626635363764346662316132306363396665383761
39356663663936333038643363383264666535303939663634303762353036633431656432333265
62306361663734653236623464633865346633376565353830343136373535366337363632336638
36323138363432343032313964383562643931376261623038336466666462396238323630656132
35366666393630626137616433633939326466333839313533323334393462353062343663373235
32626138373332366463373164656262643961316431626533343034336561343332306232303564
37636534633766653334363963386565323338323036356135623930353938613733373337363937
63353165613166333463303036313639326638363031363338663165353066393862373332336461
64393262666132333661663666343435636130633362653265353034303763616464633738303064
62336237353033373132623831313938616466623734393333323361336330613330626364343139
61623239396336343063626237666330303035646335636561613430616532343638353037633932
66366132396661323230393338323436343837323632656535363832373731613232333938363363
65333534663031633639653432643166643762313864656134376634666534303933653466653466
30346137653633643735633464353339643337666265663663383439306462313963313761363261
30373466323638336330613833326338333839643263613739666532303333386237303433623161
32373566643332396135656363633233623835323034323630363930373030373935663465646537
61623165636261306562363962363236633233326635666161333334613932313866303066303764
34636636643335633538646335346436633833633139383332373862623761363139346665643830
63656164663464353065393565316365303763383837633963386630613239303638666462636662
35356165316332613537323563653534386331366331313264306134653835633438353965383533
63636365343865653466323133383663613039323765636431363631623463623165353139306430
66666564366262363861316366323061663131323833313039376634633763386539356237623066
62623234303666363764366230656163303665333835336637656138363236653665666464616638
66373262666637633662653536373565363934373262363738353462623534663234356133373234
31393032386535323837343965653064396561363738643138306266356338663137353063663165
61313232636430663333373338653434396163643836303766313561653135383039643661616338
39396663316435393732656333626661643633643462313833666665343165626336383563373634
64633431303637616438323661366261646663643838333763356535373264616439646634343130
62333964306535636632616133326631623039633532383464386262623262366435663062383161
36386165393762376638303836353137373238333633393866666661643461316264303362323232
34613664623835313966653830626334643830626163666265663239343062396237336130323766
30613663343766303439363562326537323334623031646361323262626431333435616162366137
30666261366533623430303432343863633832346535656339643163303762333339666133386237
33653831363731616233383438373039373236656266613131343335343266616232613631396136
39383062343138656664653933313139353465396365326138303065343934363865346163623736
35336262343432306532373064613263313435626131646133353637346537393937666164633035
38303734343139623630333634646461326532643433373839633031653566323439343932323237
65303432613362303763326538643831353834373534363862383464333961333333346663386363
62363530313262363231613364663365353735303662333635656261336461353934326231633134
61636134333166386164363431343065373833373032333732613732373738316662343262316632
61623535383530363765303332343939353865623535336136383233336636626239366661396163
64633062363935313166633766633262333663353332646665646230643064656131656666653239
65316266663937353164653836396264383437646238623331316631666464626531306163636465
37383866653139623832343930663066656631343938383236303737333065643230646237383364
65383734393631633939376431333431643532376165613861663331653962383362333737643232
64336665303562343731353166366130373039333439346331666365316338316633343038623462
63633264636437326238626330666239663733663363613934333863666139353637323164316532
38323061623931386237313735383236323332653038336332386435656133653337613638326331
36326233333431633932646432386666623437653730386436353530373037356334666535376233
34616436353564346562366539383361633962346363343466313762626538343637313131323066
65303336313261373231303034376361393839356531616630653762383937376437636439376131
62653962343232303463303236636165626132306362346131303736393531666164633262303830
64316131646662353462343138646635626261643137343862643361656332376463636536376465
61343831626433356634626332623839643366316430323261313332303764393462346664306434
38303434633631326234626637376130393034356563306462383531346562313336306639323661
36376664303062646436663666613230363136636666343565383735663264643632636666623464
32626537306635373439386234656363646235363665656366626561633236303531636463363566
32383465376263393262623564323762623262646261646330636135366331316362386564616163
61376663306165656538313138643465663436636236333236343938373263373862613161353637
66346632613238623166306132643331656565303537356161343834366231386131666366383734
33356264333235613264663539373264663061386435653861633035383931366266346635643435
36623462333030376238343432663761363632306366346364636635383761626333353430633933
37303139313030356236656132366539343136366539623935643764383065306630
