$ANSIBLE_VAULT;1.1;AES256
34316166393565616535353866326430643964393533663561353764663037386633363837313762
3064396332313662663533663731313164326261343561610a643237353033306364303033333362
33636430306636636462353539353238373637313463313336636666346232343965383262663464
3666323530393164610a333331636635303666656132373661653563396134353963316566616135
30613138303232636234656434303861363864353335623562663437316530343534383834653530
37336239396633633033623836313536343330623432353261336663323237316434373630613963
63346439363966313566396639613765303534653939346137363338303364303035623665653962
64646132303038633332316631333733313039613562303234333539613430306134333066316537
35626234386431303931613164393863643836376232633565303638333262323464346533653566
38396636313665653537356537346634386536363733343938616239376637613063386263323735
32376361373365336164343636323861393366633165343162353961323333343435616233623836
33633535336362666161656530376462373238343737393231373439663162396431626635353937
39313262336233393335323231623538616166383863376138303039626337346433323933353437
62316632393637623331323135646433313730386632303764633163643763386534373066666130
39323065656531323364306430666365643632313836646636313365383066336635636435613134
31633534326137396131653763666464353032646630363266653431626166393336663932623465
31326131373662363932656435396630373839643638623632343132346633323037626332623031
61366432316161313664383765373264626635306234353233363765613965623937386636353866
66363233636163623063616434336438656337343633313261613730306238343364633137623434
30343466636235323562643332633239393265303965366161663539353837363163393639383031
34313064376364393137623462316339303966306566306263376432356263393131323532383162
35373839316564646239323032343966306664336531613632373834396664386465323965613635
37353539633661323964386137386662666464663539633238336233316366663230633235353766
35353464636530626333373766653635396437623231633039343063663338363131343266316332
64353265333939306161363230386165323261373631653030643336383766383839643939633262
62366133343635303735323432346433393765346639643836646562353433363332633730646263
64613636613935663437663139633533656237393137383666393063383832353230623037353662
30323638333362376663386633643739383633306239623035346431366134653931613763623932
62346664346335316365373161376431383764306166636561363166313132633461653330326464
38383762663936663730336261316364633039633461636561393731316238373331366238383763
37633465323735353136303238306131326139313562313933316139663538363666373539303664
36306635303935373366353030666330613232373938373634393561656631383665386339666461
37313865663230643930616439623065353435313339333339626663366537313163323732633238
35303963333136626363643934663930333636333235336163316636306636613262336163313830
39353231643838363461346662333232313163346531306134333131373332313933366231333437
63663530626361323335656338616632646238393937306435376532623830373862346637313465
66393036303136653361636665373466653662303265643265613632353030363565636139633732
35366231643961356364626661643939326363313539633665633639363333616134363365383764
30333138303532313336316532663261643431663437396530376264656134303837636139383238
35353465353037366536373362643563366238353464303766343635646439653832656262323033
34356236653339373636316665636336326266623265366662666665383430303530626161343637
65396536626564653031653734356564306233303139306239353165353763626630323236346135
66313861366538336165663734346162316630316333363235316564336462656661646264373063
39313531343430393466353862326330356230653566663765643737623734316264383765653463
66353434376438653334653135346134633465373833633334303535393435316335323031303135
32323139623339346662396566653033343632633464353164636637363434616266396432383831
34623135366335613864386238623666323239323337363736626135313164363334343764316561
64306461663465373866366530663430363638633732376635353030336630313534326139393936
34366132326330633164326663316137363730323637323731313937616262623736393866353266
38333165316564323362303532323062323166656437333863663963333132353434373834396463
36653036363561383432666464393238373130393533343162643936346564663037313733373637
34633263316633323333323166633739366562396463356662393736316466313930363039343062
65376538363136343064633337383536363566373536323762336261336536626432326136636437
38656330316366396337346530613931303531303932646431643265323337626332343734643438
66393632326230636535623435326532663130666361633235653436346365323964646331666338
66666235326233663939616132643637313935663332376664373061386261306434643365353262
65643938636438623131303831306436326133343765393061633534343833306234323935626137
66306261316538336363653565623963326639643638356430336631356465343432333534303965
62616462313966613063653031643330323533356465623535356335313237376232336336626464
32306135363535366461336432613830613130323831393433613665646439376161363737363032
33333632646564346365353133653766643030623933366332313664636632653035313163346639
33646561306664373836653134613439373833303338396137336631653161653335393931303132
38343636373432383530666537363464323738343961373430323863323936663938393437363364
34643663336435313266363330646563303731356233376431613034316637356336333065393163
31376336333434666232333965356461303938386165636634313963356339646330343132663063
36303330396233373737623337356238373231363031363664353735363361383563326234636465
66663666663364666539633534373436376531313330616139616466326435643266653238626364
31323834313862356333393836656335306132653435383133636462336664303561623634653464
35393437663462633131663436336563366662666566623931666637386330326561653461323430
63343537313039623334623634383762613430646234346635383264666161663632656537653862
64323966633536393564376338396330383966643162663363646638316161323230626430323732
30626532376537333463366163643231663766643732373637646432646534313162326134623065
38363166393634353064343732623665333031306636636531623262383036623466386132336539
38663539343731633564386463306632346566353763333365383064646633313562656364396566
32303662356232666638613064636236663266343137373861646463653037383866373830363661
66303838656461613639316161653634613666306462343531636233363962386234316133613766
65353235346533653864343262373937346661633336343833343130643466386133353339623162
34363930626362663234376630633866666635346133333562353931663935623033356136313139
32363834646665363933303738323665353462366465653438636637663037383665613166616563
33643838373164366534313061616631353264353064303066626535353862666663666131653065
31643566353536306637653134653763376537666635386164383536353565393538353437393861
32656237356531396465643964303932393137366431316663366264323530313330343662646230
35643661366665373661363133396131306533356331653261326133356162333537313865303833
37363530323033363761346234323230663735376132653835323265393139663562393831626632
32393136366336303864346535666163356534623966363136616439313932353663326235383831
39333564393136376164326465353761383137636438323238633730316333643432643536363835
66396135333131376238313838633161333661353839613631643361643738373135666338343733
36376262633939653065646162386365323239356535333332373039366236666539653032393534
35343362623134386630643466613032626232396265633561613264623131306137626338366338
63636464656266656539376139323937373133316233646537353536383466313638343036623037
35353065643761393036383064333839313234623131643435313734333631306532643433633635
63363936356637323036333265646237373930343030393530326534653761396364336166333930
39633639353934633739623737356564323732616235373661386631303263613032666439396363
65363238356239303832626266626334633538326438663762656663643732303438363130336339
63663162343261316239386465313963613464396562613561366466373065353735366532366133
33356666646235636464643138623233646635313964616232346662336464613238313865373161
36386463633966306130336239656666633636626265656235356535373065363161383061666531
37356562336637333663616565316636306135336234616136663537343731623137663830373065
36353639363437343364383562393963303064646362646463363662653030323266306661343763
65383864303936363039613431633636353531393130623664333432663761323130353030663864
36363464623139323537373561373130356465643839336531396237383065613463323534393666
65623366336432636335313663643139326432613231396631613462343861646135303836343364
62653437323237366639313537306539613238303138313538343064653165653934306161633337
63303266313235333230343037396134356231363939613732666538613066376464333636623930
32643362626234666135663334633938306563356334663535633532646266366563343537623233
37373935633964313966326361303663323238336230323466393066366337646332333639356461
33393631346266653338333935386233366366363032666561303633343432663837376635616638
39663630343131616430393662663931326163353462393631303162636665383930663031313664
66343363333433343832653539336366613134366339363834373531323638656131316531613730
65336665653764663766633337633930396362346430383664646536613432326235653933313738
65386664383566353231383838306233636163326234393039643262363632376334663061643565
39366539633330316165636634333933626230646364383933303966393733303166363463313661
30613837633335653563353061353263373862653764636439613466373566323462636533643833
37356236306166643366396632613963376134396461643433323630386130633733326361616631
61663833626465653437623836636439313130633931626532613637623731633232306563393763
39393963666137646266643861393133313762326464636435663266343139323862616239616437
35353138616234376337656665316136646362333438623164383931643538393330353061303830
61306564303431306564303061336165393562373436363137303964323733646231663332306465
34656462643935343631393231346433336239356334383763306534323039653930663733363961
61656335623132613266653565663463636638356534353032653333303362653635363630373962
65623633376335613235356162353433333538646362656237623139363831633064333138646439
63323437633930666133333133326663653139623336656532663564323466303966393866336238
61653563316131366539343763303639623862373861393766613966343238323738613632333638
32323465353766376334323034326136643632343763633065303264376431663939616365316238
38383863636165343239613837363766636664373532653861663737613166656237313462353332
39323036386237316638326237636364613362653636343232393863306132313232353836366131
64306537346631666335653334383933613962653562363137656537303932353539353533303230
30643432643635363937386631656164343961386662653430323430346462393534633031373235
35303537363237323062633665303636313166663532383839373633363635653537383431386236
32363865353636323935386433363930636531656433626237646333636465646631346364346263
62313338343161633564643239323865366566623537303761306231636436663534353634666538
30343763633563653763326235306134363437396466643331313065623762643166313563623734
34653537616438663134666463333365383966366330356162366131396261383531653861373065
35623232313635333636646562313130353133633664343265313538656164313734356537376364
343033343663303133383431613561653263
